23546.3900514804
23910.0412852414
15178.0066753180
14194.2127666976
12084.9488793523
10219.1172965180
12010.2981524396
10722.3839034980
5949.4162055522
14750.2746258446
29425.9190452569
12526.6413112859
21664.9349275756
8505.2451599475
8098.4265411745
16159.6656420849
19079.0976165875
22849.4804980796
10633.9743942530
8784.5931160768
23796.0602641999
8309.7394539227
15980.4281582275
14108.7701160198
20427.7472964436
25996.3269091698
33194.1254658848
6226.1752585656
22372.6755592703
26950.8453106355
24325.9701769254
19236.7361496917
10093.9837473340
11629.6954100100
24627.6741033420
22691.7412455344
15318.7054149277
33000.8729741353
18011.8631012962
21325.8122694256
11924.7786809635
9680.2124847650
26018.9398501141
14189.0965975632
13673.3226636229
16522.0989013026
16376.4356833102
15658.7372736241
15267.8263865489
29875.9189109524
24518.3777378407
15529.3566211919
14106.3918619561
21004.3898114889
14960.8062715781
12092.1452896874
13390.7716452583
21438.6160046769
7893.2276514051
21579.5858575376
18753.7725222559
8922.9365924187
18684.4207695207
8288.6697075925
18943.0311649777
15851.7288523566
10837.8510861790
15329.5046831349
23242.1536856328
15616.1435552126
19828.4702252103
16114.7732744044
15647.1830848178
10347.0819898034
18212.8281549226
18632.3392495522
12768.9545013804
8978.8980611626
12598.3779989898
22782.1023934880
17138.8844911186
15132.3521665110
23282.6530006309
9668.9415800477
17618.6613591222
10673.8130354055
9315.7535930496
17657.1231683015
10212.8009853091
17054.4343992083
16047.1346049091
22949.2623386905
15741.1429615821
30353.1926102457
18897.4110030379
24210.9955554434
20831.1572475413
24512.6276083526
9883.1508779182
6610.9293437036
