337605.0000000000
19080.0000000000
0.0000000000
5148.0000000000
1009.0000000000
3395.0000000000
533420.0000000000
0.0000000000
161353.0000000000
0.0000000000
741.0000000000
18872.0000000000
0.0000000000
0.0000000000
0.0000000000
59100.0000000000
18576.0000000000
0.0000000000
187544.0000000000
1808.0000000000
462951.0000000000
253.0000000000
439.0000000000
0.0000000000
601144.0000000000
0.0000000000
11480.0000000000
12290.0000000000
3908.0000000000
13083.0000000000
11309.0000000000
8664.0000000000
419040.0000000000
717.0000000000
0.0000000000
0.0000000000
1462.0000000000
0.0000000000
13427.0000000000
132444.0000000000
0.0000000000
468772.0000000000
0.0000000000
4525.0000000000
905.0000000000
0.0000000000
2163.0000000000
121664.0000000000
0.0000000000
19937.0000000000
6957.0000000000
2574.0000000000
2934.0000000000
142758.0000000000
61971.0000000000
1902.0000000000
182515.0000000000
927.0000000000
0.0000000000
23232.0000000000
125933.0000000000
284.0000000000
0.0000000000
17536.0000000000
0.0000000000
905.0000000000
155632.0000000000
50634.0000000000
1540.0000000000
9970.0000000000
241566.0000000000
0.0000000000
0.0000000000
469371.0000000000
0.0000000000
600.0000000000
34035.0000000000
24582.0000000000
11058.0000000000
0.0000000000
66224.0000000000
138038.0000000000
790.0000000000
0.0000000000
0.0000000000
0.0000000000
0.0000000000
59379.0000000000
2150.0000000000
0.0000000000
28535.0000000000
757.0000000000
0.0000000000
0.0000000000
1310.0000000000
11208.0000000000
0.0000000000
103214.0000000000
0.0000000000
11000.0000000000
